165,553
155,342
196,299
111,298
;
117,586
112,560
165,553
;
281,584
117,586
;
291,562
281,584
;
236,356
236,548
224,560
291,562
;
370,583
383,396
410,254
284,295
236,356
;
488,584
370,583
;
504,562
488,584
;
450,350
470,458
421,535
444,569
504,562
;
580,584
594,397
629,260
509,295
450,350
;
702,584
580,584
;
716,563
702,584
;
667,370
657,533
651,566
716,563
;
444,321
611,169
671,307
667,370
;
317,263
380,238
433,263
444,321
;
119,277
111,298
;
234,255
119,277
;
234,315
234,255
;
329,258
268,284
234,315
;
;
